0.275	11.4017542509913	113.27841806805		142.125016348901	132.137594773888
0.326	11.4017542509913	113.27841806805		142.125016348901	132.137594773888
0.234	4.47213595499958	67.0820393249936	116.565051177077	116.565051177077
0.284	4.47213595499958	67.0820393249936	116.565051177077	116.565051177077
0.221	4.47213595499958	97.5294827218928	153.434948822922	151.858398767738
0.223	11.4017542509913	226.433213111504	105.255118703057	114.527720480258
0.279	11.4017542509913	226.433213111504	105.255118703057	114.527720480258
0.234	23.7065391822593	356.395847338321	152.354024636261	146.443696696782
0.232	22.8035085019827	236.8839378261		52.1250163489018	66.3567726734047
0.284	22.8035085019827	236.8839378261		52.1250163489018	66.3567726734047
0.208	10.1980390271855	149.646249535362	101.30993247402		104.314826910404
0.247	10.1980390271855	149.646249535362	101.30993247402		104.314826910404
0.205	46.8614980554399	570.094728970545	140.194428907734	139.26789330029
0.257	46.8614980554399	570.094728970545	140.194428907734	139.26789330029
0.326	23.0217288664426	299.553000318808	87.5104470780008	81.166585348781
0.427	23.0217288664426	299.553000318808	87.5104470780008	81.166585348781
0.249	10.770329614269		97.0154626850792	68.1985905136481	104.322719978203
0.231	34.2052627529741	383.356231200172	164.744881296942	160.336122287108
0.263	34.2052627529741	383.356231200172	164.744881296942	160.336122287108
0.222	17.0293863659264	319.076793264568	130.236358309273	128.126970061658
0.271	17.0293863659264	319.076793264568	130.236358309273	128.126970061658
0.252	1.41421356237309	49.0102030193713	45.000			    91.1691393279074
0.302	1.41421356237309	49.0102030193713	45.000			    91.1691393279074
0.237	32.5576411921994	488.859898130333	132.510447078		129.355377794213
0.302	32.5576411921994	488.859898130333	132.510447078		129.355377794213
0.291	4.24264068711928	83.4505841801002	135.000			    134.02897806892
0.253	25.8069758011278	407.443247581795	125.537677791974	123.183038465065
0.317	25.8069758011278	407.443247581795	125.537677791974	123.183038465065
0.254	3.16227766016837	150.572241797749	161.565051177078	163.009176708013
0.233	56.7274184147313	1051.63206493526	49.289153328819		59.1670555226312
0.307	56.7274184147313	1051.63206493526	49.289153328819		59.1670555226312
0.231	18.8679622641132	277.189465889308	147.994616791916	135.292322869228
0.301	18.8679622641132	277.189465889308	147.994616791916	135.292322869228
0.248	6.000		       	100.000		      	90.000		       	90.000
0.316	6.000			    100.000			    90.000			    90.000
0.26	31.4006369362151	438.919126947094	142.765166018425	137.7702157972
0.321	47.0744091837592	610.607893823851	12.2647737278924	15.2880378488253
0.271	48.1663783151691	625.275939086096	138.366460663429	136.425618791222
0.227	21.9544984001001	305.063927726632	149.931417178137	152.258954292904
0.235	5.8309518948453		68.1175454637056	149.036243467926	40.2363583092738
0.306	78.63841300535		1298.81484438698	82.6942404666891	81.9447614266457
0.24	11.3137084989847	106.066017177982	135.000		    	135.000
0.257	13.0384048104052	181.024860171193	147.528807709151	135.44761417086
0.225	98.2344135219425	1450.55368738974	22.1263348093732	25.5227822581017
0.231	21.5870331449229	258.518858112904	103.392497753751	98.0047288572928
0.216	27.4590604354919	322.800247831379	100.491477012331	110.680691388817
0.251	27.7848879788996	268.477187112797	30.2564371635292	33.4533094540726
0.255	1.41421356237309	25.4950975679639	45.000			    11.3099324740202
0.214	16.4924225024706	127.011810474459	75.9637565320735	82.7630779740319
0.211	4.47213595499958	74.2428447730823	116.565051177077	117.255328374943
0.367	17.088007490635		132.981201679034	159.443954780416	167.845058302777
0.352	9.05538513813741	169.499262535268	83.6598082540901	94.3987053549955
0.343	23.0217288664426	319.061122670876	87.5104470780008	94.6741637111307
0.201	21.2132034355964	349.070193514141	135.000			    128.01894259317
0.206	28.8444102037119	338.662073459665	123.690067525979	138.591259037205
0.204	42.3792402008341	436.405774480585	160.709953780811	161.149871635933
0.325	6.000			    35.3553390593273	0.000		     	171.869897645844
0.246	6.000			    35.3553390593273	0.000			    171.869897645844
0.321	9.89949493661166 	73.5391052434009	45.000			    45.000
0.328	10.000			    38.6264158316559	0.000		     	21.2505055071332
0.246	10.000			    38.6264158316559	0.000			    21.2505055071332
0.342	10.000			    157.003184681075	36.869897645844		37.2348339815746
0.257	10.000			    157.003184681075	36.869897645844		37.2348339815746
0.32	22.0907220343745	179.226114168666	95.1944289077348	92.878369499734
0.238	1.41421356237309	33.9411254969542	45.000			    45.000
0.26	8.94427190999916	97.0978887515068	26.5650511770779	57.6193222934307
0.202	20.2484567313165	160.124951209984	20.224859431168		27.5252257437443
0.245	20.2484567313165	160.124951209984	20.224859431168		27.5252257437443
0.388	12.000			    100.000		    	0.000			    0.000
0.505	12.000			    100.000		    	0.000			    0.000
0.294	19.2353840616713	297.472687821924	27.8972710309476	25.272884290828
0.379	19.2353840616713	297.472687821924	27.8972710309476	25.272884290828
0.322	18.000			    180.000			    90.000		     	90.000
0.431	18.000			    180.000			    90.000		    	90.000
0.237	6.000			    54.1479454827235	0.000			    94.2363947990588
0.299	6.000			    54.1479454827235	0.000			    94.2363947990588
0.204	10.770329614269		92.1954445729288	21.8014094863518	40.6012946450044
0.258	10.770329614269		92.1954445729288	21.8014094863518	40.6012946450044
0.208	18.8679622641132	192.353840616713	122.005383208083	117.897271030947
0.298	13.0384048104052	167.026943934204	94.3987053549955	91.0291548043059
0.217	19.6977156035922	223.946422163873	23.9624889745781	17.1403493047577
0.2	    12.000			    100.000			    90.000			    90.000
0.211	4.47213595499958	71.0211236182588	63.434948822922		57.6525565005579
0.217	11.3137084989847	126.657017176309	135.000			    141.410840020232
0.217	11.3137084989847	126.657017176309	135.000			    141.410840020232
0.242	27.0185121722125	203.735122156195	177.878903603338	166.373005140108
0.223	8.48528137423857	157.289541928254	135.000			    138.608468852566
0.253	20.000			    231.365511690917	126.869897645844	118.669751586345
0.316	19.6977156035922	273.645756407805	156.037511025421	156.526479832949
0.41	19.6977156035922	273.645756407805	156.037511025421	156.526479832949
0.202	14.560219778561		143.178210632763	74.0546040990771	65.224859431168
0.232	14.560219778561		143.178210632763	74.0546040990771	65.224859431168
0.211	4.47213595499958	73.7834669827868	63.434948822922		32.8285417914125
0.208	9.48683298050513	90.4433524367601	108.434948822922	144.904183212973
0.211	19.0262975904404	304.138126514911	93.0127875041833	117.407575437818
0.26	37.1214223865411	381.997382189983	117.255328374943	103.781597235653
0.205	12.8062484748656	169.097604950513	38.65980825409		59.0362434679264
0.228	18.6010752377382	254.566297847928	143.746162262555	128.941012276021
0.247	21.540659228538		157.867032657233	158.198590513648	144.799848668867
0.257	24.0831891575845	280.000			    48.3664606634298	53.1301023541559
0.232	19.2353840616713	214.555354162975	62.1027289690523	66.6611508203466
0.215	12.000			    123.490890352284	0.000			    5.11041756103122
0.362	10.1980390271855	164.201096220457	78.6900675259797	75.5406048496815
0.2	    1.41421356237309	86.2786184404919	135.000			    134.060809054264
0.337	40.5215991787096	448.232082742857	105.751173663453	103.41618348184
0.336	40.5215991787096	448.232082742857	105.751173663453	103.41618348184
0.342	5.09901951359278	112.641022722629	101.30993247402		96.1155035662854
0.342	1.41421356237309	50.1198563445666	135.000			    118.610459665965
0.285	1.41421356237309	50.1198563445666	135.000			    118.610459665965
0.212	33.5261092284804	573.245148256834	107.354024636261	111.597246575061
0.202	12.8062484748656	226.008849384266	128.65980825409		126.362868584929
0.318	37.1214223865411	520.972168162561	94.6354634269026	103.769505266889
0.31	31.1448230047948	457.965064169746	95.5275401516561	103.12589985401
0.312	14.1421356237309	280.716939282259	171.869897645844	173.65980825409
1.191	8.94427190999916	10.000			    26.565051177078		143.130102354155
0.345	8.94427190999916	10.000			    26.565051177078		143.130102354155
0.29	4.47213595499958	67.0820393249936	153.434948822922	153.434948822922
0.217	4.47213595499958	67.0820393249936	153.434948822922	153.434948822922
0.295	1.41421356237309	33.9411254969542	135.000			    135.000
0.322	1.41421356237309	61.9838688692469	45.000			    72.1496816977831
0.312	1.41421356237309	61.9838688692469	45.000			    72.1496816977831
0.302	14.1421356237309	120.929731662647	45.000			    55.7842978675626
0.302	4.47213595499958	61.1882341631134	116.565051177077	101.30993247402
0.311	15.6204993518133	173.677862722915	50.1944289077348	54.8458223678525
0.233	15.6204993518133	173.677862722915	50.1944289077348	54.8458223678525
0.208	20.591260281974		308.444484470058	150.945395900922	158.509040224192
0.217	11.3137084989847	102.95630140987		45.000			    60.9453959009228
0.202	11.4017542509913	131.529464379659	37.8749836510981	8.7461622625552
0.227	29.120439557122		497.314789645351	74.0546040990771	80.8596672127415
0.208	1.41421356237309	57.2013985843003	135.000			    126.469234390051
0.287	12.7279220613578	264.200681301165	135.000			    127.000016527781
0.346	12.7279220613578	264.200681301165	135.000			    127.000016527781
0.2	    1.41421356237309	29.732137494637		135.000			    109.653824058053
0.204	55.8032257132148	788.041877059842	143.746162262555	136.645386807245
0.358	16.4924225024706	169.923512204756	165.963756532073	157.509821972887
0.371	4.47213595499958	69.6419413859206	116.565051177077	111.037511025421
0.359	24.4131112314674	246.985829553033	124.992020198558	130.072890052351
0.371	36.7695526217004	468.13673216273		45.000			    49.504906863607
0.278	36.7695526217004	468.13673216273		45.000			    49.504906863607
0.339	24.0831891575845	353.160020387359	94.7636416907261	96.3401917459099
0.343	6.000			    126.696487717694	0.000			    168.157923884672
0.256	6.000			    126.696487717694	0.000			    168.157923884672
0.347	7.07106781186547	135.955875194858	171.869897645844	153.811889302519
0.257	7.07106781186547	135.955875194858	171.869897645844	153.811889302519
0.341	9.48683298050513	197.23082923316		161.565051177077	149.53445508054
0.253	9.48683298050513	197.23082923316		161.565051177077	149.53445508054
0.343	4.47213595499958	111.543713404207	26.5650511770779	174.340518159837
0.353	5.09901951359278	60.9261848469112	11.3099324740202	23.1985905136481
0.262	5.09901951359278	60.9261848469112	11.3099324740202	23.1985905136481
0.22	21.6333076527839	248.402898533813	56.3099324740202	52.8533133019782
0.22	13.0384048104052	260.909946150007	85.6012946450044	80.0683466802909
0.207	23.4093998214392	335.621810971813	160.0168934781		141.046916701529
0.201	4.47213595499958	67.0820393249936	116.565051177077	116.565051177077
0.234	10.770329614269		205.936883534737	158.198590513648	14.9134954459997
0.201	2.000			    59.8163857149527	90.000			    51.7889745744387
0.307	8.24621125123532	57.2013985843003	165.963756532073	126.469234390051
0.292	8.000			    157.079597656729	0.000			    1.8240898323761
0.293	27.1661554144122	370.086476380858	173.65980825409		1.23863467089688
0.301	6.32455532033675	90.6200860736735	108.434948822922	112.036226940145
0.232	6.32455532033675	90.6200860736735	108.434948822922	112.036226940145
0.298	22.0907220343745	238.729972982028	84.8055710922652	81.3268259521202
0.307	4.47213595499958	79.0569415042094	26.565051177078		18.4349488229219
0.236	4.47213595499958	79.0569415042094	26.565051177078		18.4349488229219
0.299	26.0768096208105	319.411959700947	175.601294645004	174.610688240026
0.224	26.0768096208105	319.411959700947	175.601294645004	174.610688240026
0.205	15.8113883008418	125.099960031968	71.5650511770779	92.2906100426385
0.332	38.2099463490856	557.654014600451	173.990994042505	2.77518148658655
0.249	38.2099463490856	557.654014600451	173.990994042505	2.77518148658655
0.325	35.3836120259082	476.799748322081	137.290610042638	136.699672749586
0.325	5.09901951359278	101.636607578175	78.6900675259797	23.7907738657772
0.328	40.4969134626331	525.455992448463	122.905242922987	125.081349373939
0.247	40.4969134626331	525.455992448463	122.905242922987	125.081349373939
0.215	6.32455532033675	14.2126704035518	18.434948822922		39.2894068625003
0.252	6.32455532033675	14.2126704035518	18.434948822922		39.2894068625003
0.208	59.3969696196699	858.469568476367	135.000			    135.566331929739
1.418	39.446165846632		481.20889434839		149.53445508054		146.012723603415
0.419	43.3820239269677	618.556383848715	115.974393962431	114.244639252158
0.531	43.3820239269677	618.556383848715	115.974393962431	114.244639252158
0.568	32.2490309931942	427.23529816718		150.255118703057	151.935401784944
0.248	43.3820239269677	618.556383848715	115.974393962431	114.244639252158
0.27	43.3820239269677	618.556383848715	115.974393962431	114.244639252158
0.655	25.9615099714943	378.790179386952	105.642246457208	116.497405660086
0.281	4.47213595499958	115.602768132947	153.434948822922	142.733598099022
0.281	4.47213595499958	115.602768132947	153.434948822922	142.733598099022
0.341	11.4017542509913	197.909070029647	15.2551187030577	14.0362434679264
0.266	8.60232526704262	93.7229961108798	144.462322208025	129.805571092265
0.317	8.60232526704262	93.7229961108798	144.462322208025	129.805571092265
0.233	8.24621125123532	89.1852005660132	165.963756532073	162.377702771331
1.043	36.2215405525496	759.032278628517	96.3401917459099	90.5284045926534
1.386	36.2215405525496	759.032278628517	96.3401917459099	90.5284045926534
0.276	11.3137084989847	106.066017177982	45.000			    45.000
0.64	56.9209978830308	979.389605825996	108.434948822922	103.582200237452
0.83	56.9209978830308	979.389605825996	108.434948822922	103.582200237452
0.731	103.846039885977	1736.09331546435	74.3577535427912	71.6694149587668
0.92	103.846039885977	1736.09331546435	74.3577535427912	71.6694149587668
0.727	106.677082824756	1706.72200431118	149.588918732874	150.130200777048
0.964	106.677082824756	1706.72200431118	149.588918732874	150.130200777048
0.221	45.6946386351834	819.640164950449	23.1985905136481	20.646042800093
0.206	45.6946386351834	819.640164950449	23.1985905136481	20.646042800093
0.209	125.299640861416	1799.71219921408	28.6104596659652	22.8892481463062
0.217	80.3243425120928	1325.42596926422	161.11391263029		164.464319240567
0.222	80.3243425120928	1325.42596926422	161.11391263029		164.464319240567
0.261	41.9761837236307	774.861277907213	102.380756928807	109.370307018679
0.305	41.9761837236307	774.861277907213	102.380756928807	109.370307018679
0.298	40.4969134626331	711.901678604566	147.094757077012	147.738681420719
0.376	40.4969134626331	711.901678604566	147.094757077012	147.738681420719
0.359	152.970585407783	2412.66864695506	131.820169880135	134.764907265057
0.457	152.970585407783	2412.66864695506	131.820169880135	134.764907265057
0.253	146.013697987551	2309.14876090736	126.085073042852	125.41076427126
0.294	146.013697987551	2309.14876090736	126.085073042852	125.41076427126
0.275	377.91533443352		5759.93350656064	137.359166132581	136.744652593717
0.326	377.91533443352		5759.93350656064	137.359166132581	136.744652593717
0.42	374.400854699879	6122.28927771303	126.747470952863	127.594269081654
0.534	374.400854699879	6122.28927771303	126.747470952863	127.594269081654
0.224	439.317652729775	6867.14642336975	138.691385986451	138.033873104212
0.272	439.317652729775	6867.14642336975	138.691385986451	138.033873104212
0.241	353.510961640512	5993.72888943101	140.049166467582	139.167487101462
0.235	208.197022072843	3217.25504118029	138.115064759905	132.631880297472
0.264	208.197022072843	3217.25504118029	138.115064759905	132.631880297472
0.792	151.009933448101	2748.1968633997		11.4587523458772	5.61724045287749
1.036	151.009933448101	2748.1968633997		11.4587523458772	5.61724045287749
0.272	92.4553946506097	1343.61080674427	141.146625659646	144.145062092818
0.35	92.4553946506097	1343.61080674427	141.146625659646	144.145062092818
0.274	157.200508905028	2363.08315554065	143.275892827075	141.56360287927
0.323	29.5296461204668	524.061065144129	61.6992442339936	89.1253232288786
0.384	316.840653957158	4732.33008147149	61.3318116084682	64.9728665123939
0.5	    316.840653957158	4732.33008147149	61.3318116084682	64.9728665123939
0.231	748.199171344101	10958.1316838227	153.743171800415	153.619675219611
0.217	53.2541078227773	786.90278942192		124.286876977208	120.214508316631
0.322	449.090191386986	6953.39528575788	178.851686034015	176.578378399786
0.413	449.090191386986	6953.39528575788	178.851686034015	176.578378399786
0.218	4.47213595499958	82.7647267862342	26.5650511770779	25.0168934781
0.305	12.000			    122.000			    0.000			    0.000
0.237	11.3137084989847	134.350288425444	135.000			    135.000
0.233	11.6619037896906	164.693655008321	59.0362434679264	65.6136288981986
0.2	    11.4017542509913	83.868945385047		15.2551187030577	39.1932730944684
0.218	11.4017542509913	83.868945385047		15.2551187030577	39.1932730944684
0.217	6.000			    143.171226159448	90.000			    111.727095935918
0.274	6.000			    143.171226159448	90.000			    111.727095935918
0.395	29.120439557122		318.93886561534		15.9453959009228	14.3412371320779
0.238	7.6157731058639		137.557260804364	23.1985905136481	59.8934729588416
0.228	21.0237960416286	172.046505340852	25.3461759419466	35.5376777919743
0.239	2.82842712474619	34.2344855372473	45.000			    83.290163192243
0.236	27.2029410174708	338.008875623111	126.027373385103	119.219246690484
0.204	6.000			    85.0529246998596	0.000			    2.02136494035601
0.242	40.4969134626331	494.400647248767	32.9052429229879	36.777186109425
0.288	11.3137084989847	113.145923479372	45.000			    44.2838400545295
0.33	18.000			    149.693019209313	90.000			    112.796521467942
0.336	14.560219778561		191.671594139559	164.054604099077	162.699472808055
0.331	12.000			    91.4439719172346	90.000			    84.3517526262647
0.332	12.000			    256.425427756297	0.000		    	6.0440921622411
0.202	4.47213595499958	67.0820393249936	153.434948822922	153.434948822922
0.221	4.47213595499958	67.0820393249936	153.434948822922	153.434948822922
0.291	12.0830459735945	92.6498785752037	114.443954780416	103.736268305622
0.385	12.0830459735945	92.6498785752037	114.443954780416	103.736268305622
0.214	23.7065391822593	280.007142766037	117.645975363738	117.663238327818
0.267	16.9705627484771	239.106670755961	135.000			    133.305352931462
0.337	21.4009345590326	220.843836228227	52.5946433685914	77.9777233138164
0.432	21.4009345590326	220.843836228227	52.5946433685914	77.9777233138164
0.258	103.479466562212	1819.09482985357	131.081751135932	130.898515329793
0.325	103.479466562212	1819.09482985357	131.081751135932	130.898515329793
1.852	151.795915623576	2573.76183824377	78.9861671096485	80.0436031506479
2.509	151.795915623576	2573.76183824377	78.9861671096485	80.0436031506479
2.008	149.030198282093	2626.70325693634	88.8465495488946	93.7763497012862
2.684	149.030198282093	2626.70325693634	88.8465495488946	93.7763497012862
1.513	76.6550715869472	1264.67861530113	82.5041423602701	82.5490598213912
2.014	76.6550715869472	1264.67861530113	82.5041423602701	82.5490598213912
0.278	31.6227766016837	500.099990001999	145.304846468766	138.404518299488
1.063	47.7074417675062	732.472525081999	123.023867555796	113.835412322368
1.441	47.7074417675062	732.472525081999	123.023867555796	113.835412322368
1.066	53.851648071345		739.244208634738	21.8014094863518	26.5997128664448
1.429	53.851648071345		739.244208634738	21.8014094863518	26.5997128664448
0.219	36.6878726556882	527.787836161463	107.447188423282	117.536073108157
0.218	292.438027622947	4508.98880016351	176.863641631667	175.650023821478
0.278	292.438027622947	4508.98880016351	176.863641631667	175.650023821478
0.222	48.8466989672792	727.367857414664	112.890551656248	115.226279115619
0.358	38.4707681233426	538.924855615326	152.102728969052	144.363451245744
1.896	15.2315462117278	183.504768330416	156.801409486351	58.8220546357317
0.614	23.1948270094864	334.741691457756	172.568592028827	159.724421391009
0.516	30.2324329156619	275.811529853267	124.215702132437	121.961343416977
0.233	15.2315462117278	206.770404071762	113.198590513648	97.5030873910496
0.229	15.8113883008418	181.835090122891	18.4349488229219	29.6667152069464
0.236	2.82842712474619	41.2310562561766	135.000			    165.963756532073
0.204	26.9072480941474	307.668652936889	138.012787504183	149.100118335013
0.21	29.732137494637		356.785649935644	137.726310993906	132.273689006093
0.242	6.000			    111.543713404207	0.000			    174.340518159837
0.297	6.000			    111.543713404207	0.000			    174.340518159837
0.21	38.0788655293195	378.132251996573	23.1985905136481	11.9042657154917
0.312	24.2074368738204	271.060878770803	141.709836807756	130.211533449686
0.229	24.2074368738204	271.060878770803	141.709836807756	130.211533449686
0.355	19.6468827043885	264.393645914571	14.7435628364707	10.4599090929291
0.244	19.6468827043885	264.393645914571	14.7435628364707	10.4599090929291
0.328	12.6491106406735	99.8498873309329	18.4349488229219	60.6109885336796
0.337	4.000			    216.480946043756	14.0362434679264	16.0908163488521
0.253	4.000			    216.480946043756	14.0362434679264	16.0908163488521
0.331	14.42			    599.801633875734	116.565051177077	104.383767185379
0.34	2.828			    1638.56644662338	95.5993393365205	97.6454784556431
0.253	2.828			    1638.56644662338	95.5993393365205	97.6454784556431
0.334	4.47213595499958	67.0820393249936	153.434948822922	153.434948822922
0.329	4.47213595499958	67.0820393249936	153.434948822922	153.434948822922
0.338	1.41421356237309	33.9411254969542	135.000		    	135.000
0.335	1.41421356237309	61.9838688692469	45.000		     	72.1496816977831
0.342	1.41421356237309	61.9838688692469	45.000			    72.1496816977831
0.346	14.1421356237309	120.929731662647	45.000	   		    55.7842978675626
0.349	4.47213595499958	61.1882341631134	116.565051177077	101.30993247402
0.259	15.6204993518133	173.677862722915	50.1944289077348	54.8458223678525
0.339	15.6204993518133	173.677862722915	50.1944289077348	54.8458223678525
0.297	21.6333076527839	248.402898533813	56.3099324740202	52.8533133019782
0.303	13.0384048104052	260.909946150007	85.6012946450044	80.0683466802909
0.211	23.4093998214392	335.621810971813	160.0168934781		141.046916701529
0.302	4.47213595499958	67.0820393249936	116.565051177077	116.565051177077
0.271	10.770329614269		205.936883534737	158.198590513648	14.9134954459997
0.321	12.000			    100.000		    	90.000			    90.000
0.242	12.000			    100.000			    90.000			    90.000
0.312	15.2970585407783	258.692868088782	11.3099324740202	22.5006053948511
0.328	1.41421356237309	48.0832611206852	45.000			    45.000
0.248	1.41421356237309	48.0832611206852	45.000			    45.000
0.313	13.0384048104052	173.118456555042	4.39870535499551	171.027373385103
0.329	4.47213595499958	42.000			    63.434948822922		90.000
0.312	17.088007490635		218.929212303886	159.443954780416	172.388062403285
0.317	18.6010752377382	191.049731745428	36.2538377374447	42.8789036033385
0.241	18.6010752377382	191.049731745428	36.2538377374447	42.8789036033385
0.311	15.0332963783729	141.421356237309	176.185925165709	171.869897645844
0.326	23.7065391822593	309.027506866298	62.3540246362613	63.6836988353504
0.241	23.7065391822593	309.027506866298	62.3540246362613	63.6836988353504
0.29	4.47213595499958	82.7647267862342	116.565051177077	115.0168934781
0.548	14.2126704035518	165.051507112173	140.710593137499	147.369061525925
0.707	14.2126704035518	165.051507112173	140.710593137499	147.369061525925
0.31	11.3137084989847	127.561749752815	45.000			    41.1859251657096
0.419	11.3137084989847	127.561749752815	45.000			    41.1859251657096
0.351	17.0293863659264	211.645930742832	40.2363583092738	39.6322631528438
0.461	17.0293863659264	211.645930742832	40.2363583092738	39.6322631528438
0.336	25.0599281722833	270.484750032233	28.6104596659652	42.0029574197163
0.451	25.0599281722833	270.484750032233	28.6104596659652	42.0029574197163
0.266	27.7848879788996	414.692657277651	30.2564371635292	30.5846336649154
0.481	18.8679622641132	274.885430679765	32.0053832080834	32.8228918772692
0.62	18.8679622641132	274.885430679765	32.0053832080834	32.8228918772692
0.396	25.298221281347		432.4835256978		71.5650511770779	76.7670659154997
0.524	25.298221281347		432.4835256978		71.5650511770779	76.7670659154997
0.325	43.1740662898458	619.317366137911	103.392497753751	111.303197873738
0.256	43.5660418215839	521.536192416211	99.2461127455632	85.6012946450044
0.325	43.5660418215839	521.536192416211	99.2461127455632	85.6012946450044
0.916	26.5706605111728	448.325774409636	70.201123645475		78.9407036329335
1.211	26.5706605111728	448.325774409636	70.201123645475		78.9407036329335
0.523	22.0907220343745	369.220801147497	174.805571092265	167.168220957469
1.241	46.3249392876018	627.15388861108		76.2637316943774	67.4012177614875
1.799	46.3249392876018	627.15388861108		76.2637316943774	67.4012177614875
0.992	75.8023746329889	1252.35857484987	126.416378519886	128.581213269761
1.316	75.8023746329889	1252.35857484987	126.416378519886	128.581213269761
0.402	46.518813398452		646.066560038514	64.5366549381284	66.1725786194295
0.517	46.518813398452		646.066560038514	64.5366549381284	66.1725786194295
0.378	21.0237960416286	405.408436024708	177.273689006093	18.7031018393654
0.511	21.0237960416286	405.408436024708	177.273689006093	18.7031018393654
0.24	98.9949493661166	1386.85038847022	81.869897645844		83.1670712229273
0.306	98.9949493661166	1386.85038847022	81.869897645844		83.1670712229273
0.211	70.2566722810011	1040.64307041367	85.1009075462122	85.2043520516029
0.416	27.0185121722125	522.404058177193	141.009005957494	128.471392319032
0.546	27.0185121722125	522.404058177193	141.009005957494	128.471392319032
0.234	51.478150704935		777.475401540138	60.9453959009228	70.3065180285615
0.286	51.478150704935		777.475401540138	60.9453959009228	70.3065180285615
0.285	22.8035085019827	244.80604567698		164.744881296942	155.633524252158
0.355	22.8035085019827	244.80604567698		164.744881296942	155.633524252158
0.221	223.503914954526	3640.84880213392	86.1518205390749	87.7332909771345
0.42	48.3321838943782	775.996134010988	24.4439547804165	27.39058164752
0.366	7.21110255092797	184.694342089843	123.690067525979	162.349875780069
0.3	    5.09901951359278	88.0908621821809	101.30993247402		129.472459848343
0.33	16.4924225024706	231.948270094864	75.9637565320735	82.5685920288275
0.246	16.4924225024706	231.948270094864	75.9637565320735	82.5685920288275
0.339	16.4924225024706	231.948270094864	75.9637565320735	82.5685920288275
0.222	14.560219778561		272.124971290765	74.0546040990771	75.9637565320735
0.218	17.0293863659264	145.134420452213	139.763641690726	168.070677822761
0.224	17.0293863659264	189.214164374657	93.3664606634297	87.2736890060937
0.2	    16.4924225024706	199.984999437457	165.963756532073	145.594765712337
0.231	37.0135110466434	440.728941641004	1.54815769897796	13.2479638256965
0.244	21.2132034355964	198.645412733342	98.1301023541559	94.6199234816604
0.257	5.8309518948453		112.791843676748	30.9637565320735	14.8986954344003
0.25	1.41421356237309	55.8032257132148	135.000			    143.746162262555
0.228	8.000			    148.485689546164	0.000			    4.63546342690264
0.234	7.07106781186547	114.856432122889	98.1301023541559	97.0012675574953
0.205	14.1421356237309	115.412304370028	135.000			    117.897271030947
0.204	29.120439557122		370.666966426737	74.0546040990771	78.3262896871152
0.345	21.540659228538		194.427364329201	21.8014094863518	21.4183488551501
0.259	21.540659228538		194.427364329201	21.8014094863518	21.4183488551501
0.351	23.1948270094864	337.262509034135	97.4314079711725	96.6403633520089
0.206	32.2490309931942	395.398533128285	7.12501634890179	17.0601140423526
0.203	6.000			    86.3133825081603	90.000			    100.007979801441
0.203	5.65685424949238	65.4369925959315	135.000			    141.203447901691
0.22	1.41421356237309	39.446165846632		45.000			    59.5344550805401
0.209	27.7848879788996	261.021071946308	149.74356283647		149.111533542216
0.205	18.9736659610102	210.237960416286	161.565051177077	154.653824058053
0.218	21.540659228538		243.232399157678	111.801409486351	119.832534129397
0.201	27.2029410174708	424.457300561552	162.897271030947	160.455137673371
0.244	12.000			    101.004950373731	90.000		    	90.5672664098579
0.297	13.9283882771841	193.752419339733	68.9624889745781	82.2881075873411
0.308	46.3249392876018	721.41111718631		13.7362683056225	12.2445278702498
0.232	46.3249392876018	721.41111718631		13.7362683056225	12.2445278702498
0.307	2.82842712474619	36.0555127546398	135.000			    123.690067525979
0.233	2.82842712474619	36.0555127546398	135.000			    123.690067525979
0.221	11.3137084989847	106.075444849408	135.000			    135.76389846093
0.263	11.3137084989847	106.075444849408	135.000			    135.76389846093
0.201	6.000			    84.2140130857092	90.000			    94.0856167799748
0.202	12.7279220613578	215.058131676065	135.000			    125.537677791974
0.221	10.1980390271855	162.117241526001	11.3099324740202	6.73048393461565
0.369	4.47213595499958	35.3553390593273	63.434948822922		98.1301023541559
0.366	8.24621125123532	130.698125464751	165.963756532073	170.753887254436
0.372	9.48683298050513	89.2860571421988	18.4349488229219	164.407189060733
0.381	20.2484567313165	146.996598600103	122.905242922987	104.98163257239
0.204	10.1980390271855	57.2188780036798	78.6900675259797	84.9868862449642
0.271	23.1948270094864	255.624724938727	7.4314079711725		20.1363034282481
0.271	22.8035085019827	339.638042627736	74.7448812969422	68.041959467218
0.267	11.3137084989847	99.0050503762308	45.000			    45.8184554616886
0.245	8.60232526704262	136.565002837476	35.5376777919743	29.3806078612892
0.262	19.8494332412792	171.405950888526	40.9143832200251	41.6890584853885
0.216	26.000			    216.684101862596	112.61986494804		99.0276129507151
0.373	6.000			    80.000			    90.000			    90.000
0.201	7.07106781186547	104.546640309481	8.13010235415598	21.9031780818391
0.211	21.4009345590326	366.314072893739	52.5946433685914	62.5255683737228
0.207	14.000			    240.831891575845	0.000			    175.236358309273
0.21	1.41421356237309	67.5425791630731	45.000			    25.4268741695898
1.680	40.4969134626331	540.418356460992	110.224859431168	103.264802931115
0.33	7.07106781186547	107.935165724614	171.869897645844	166.607502246248
0.247	7.07106781186547	107.935165724614	171.869897645844	166.607502246248
0.327	11.3137084989847	106.066017177982	45.000			     45.000
0.335	31.1448230047948	302.6450065671		132.3974377975		134.732264661297
0.396	21.2132034355964	203.960780543711	171.869897645844	11.3099324740202
0.2	    8.60232526704262	174.865662724275	54.4623222080256	63.8745497582033
0.209	8.94427190999916	60.4152298679728	26.5650511770779	24.4439547804165
0.263	8.94427190999916	60.4152298679728	26.5650511770779	24.4439547804165
0.231	21.6333076527839	233.529441398723	146.30993247402		151.898648694038
0.206	4.47213595499958	87.4185335040573	116.565051177077	125.690059825013
0.209	10.1980390271855	175.071414000115	11.3099324740202	1.63657704161671
0.23	23.4093998214392	318.022011816792	19.9831065218999	15.1287079219281
0.209	4.47213595499958	67.0820393249936	63.434948822922		63.434948822922
0.207	18.1107702762748	244.200737099624	173.65980825409		142.989326766396
0.201	9.05538513813741	116.155068765852	6.34019174590989	2.96093613416374
0.204	38.0788655293195	503.829336184386	76.3286928678041	82.9314048829968
0.202	13.3416640641263	260.192236625153	102.994616791916	87.7974018382342
0.203	5.65685424949238	21.2132034355964	45.000			    45.000
0.292	23.4093998214392	197.686620690425	109.983106521899	101.082569463029
0.218	23.4093998214392	197.686620690425	109.983106521899	101.082569463029
0.306	9.48683298050513	174.642491965729	71.5650511770779	50.1104175610312
0.223	9.48683298050513	174.642491965729	71.5650511770779	50.1104175610312
0.2	    9.05538513813741	141.675685987398	173.65980825409		131.566369637549
0.214	72.8010988928051	1201.74706157327	127.184706453233	127.766263137348
0.311	28.0713376952363	393.19206502675		85.9143832200251	82.6942404666891
0.234	28.0713376952363	393.19206502675		85.9143832200251	82.6942404666891
0.318	25.1793566240283	404.042077016738	173.157226587369	167.855721950433
0.325	25.1793566240283	404.042077016738	173.157226587369	167.855721950433
0.314	31.0161248385416	434.778104324493	88.1523897340054	86.571631441145
0.313	41.5932686861708	528.915872327537	99.6887865603668	106.927513064147
0.31	18.3847763108502	236.326045961929	22.3801350519595	6.07245640720768
0.202	165.849329211787	2485.19616931943	131.088428187471	129.776052403731
0.316	2.82842712474619	70.9365914038728	135.000			    21.5014343240479
0.237	2.82842712474619	70.9365914038728	135.000			    21.5014343240479
0.283	12.000			    107.116758726167	90.000			    87.3245733439708
0.292	6.000			    80.000			    0.000			    0.000
0.218	6.000			    80.000		    	0.000			    0.000
0.231	4.47213595499958	67.0820393249936	26.5650511770779	26.5650511770779
0.203	26.9072480941474	295.083039160165	41.9872124958166	68.7394408380281
0.226	12.8062484748656	80.6225774829854	51.3401917459098	60.2551187030577
0.2	    8.24621125123532	133.416640641263	165.963756532073	167.005383208083
0.384	65.3911308970872	1119.45075818456	113.428692808745	108.273096768938
0.283	65.3911308970872	1119.45075818456	113.428692808745	108.273096768938
0.388	31.4006369362151	503.62287477834		127.234833981574	127.415988618577
0.377	34.7850542618521	546.583936829468	108.434948822922	105.383831726777
0.378	39.6988664825584	586.434992134678	139.085616779974	128.491964906073
0.281	39.6988664825584	586.434992134678	139.085616779974	128.491964906073
0.38	8.000			    211.419015228053	0.000			    78.2648747414008
0.285	8.000			    211.419015228053	0.000			    78.2648747414008
0.321	9.05538513813741	145.986300727157	173.65980825409		170.537677791974
0.205	28.6006992921501	307.001628660175	143.530765609948	149.67639313745
0.204	2.82842712474619	51.478150704935		45.000			    29.0546040990771
0.204	60.4648658313239	849.0747905809		124.215702132437	125.412166975181
0.349	20.0997512422417	200.000			    5.71059313749964	0.000
0.247	15.8113883008418	211.57031927943		161.565051177077	154.525011821135
0.345	4.47213595499958	67.0820393249936	116.565051177077	116.565051177077
0.345	21.540659228538		292.970988324782	21.8014094863518	29.8904248776595
0.253	21.540659228538		292.970988324782	21.8014094863518	29.8904248776595
0.344	6.32455532033675	91.9347594764896	108.434948822922	135.881403996582
0.34	9.89949493661166	159.962495604438	135.000		    	137.533558888394
0.254	9.89949493661166	159.962495604438	135.000			    137.533558888394
0.216	20.000			    269.358497174304	53.1301023541559	57.4309220762877
0.218	11.3137084989847	191.049731745428	45.000			    42.8789036033385
0.228	23.5372045918796	302.076149339864	167.735226272107	12.4259428654274
0.207	47.4341649025256	605.73261427795		34.6951535312339	33.6900675259797
0.208	30.5286750449474	331.508672586404	121.607502246248	107.01378017012
0.2	    20.2484567313165	233.006437679305	57.0947570770121	57.2647737278924
0.211	20.2484567313165	233.006437679305	57.0947570770121	57.2647737278924
0.293	11.3137084989847	106.066017177982	135.000		    	135.000
0.292	4.24264068711928	69.5269731830747	135.000			    139.666858371439
0.22	4.24264068711928	69.5269731830747	135.000			    139.666858371439
0.209	194.288445358955	2616.05084048456	159.512985806669	160.830885288189
0.219	32.5576411921994	380.788655293195	10.6196552761551	29.9315118405077
0.216	4.47213595499958	124.426685240747	26.565051177078		13.4778227532413
0.236	46.6690475583121	602.78022528945		135.000			    136.88228244301
0.233	10.770329614269		213.053983769372	158.198590513648	129.66784111834
0.206	78.000			    1021.1376009138		22.6198649480404	25.5863748401599
0.209	1.41421356237309	33.9411254969542	135.000			    135.000
0.247	27.8926513619627	523.931293205511	104.53445508054		106.636396969056
0.379	37.0135110466434	504.253904298221	128.418055344822	131.784516008251
0.283	37.0135110466434	504.253904298221	128.418055344822	131.784516008251
0.373	37.0135110466434	504.253904298221	128.418055344822	131.784516008251
0.391	37.0135110466434	504.253904298221	128.418055344822	131.784516008251
0.39	45.8039299623951	596.657355607052	143.88065915052		140.440332031005
0.365	1.41421356237309	69.5701085237043	135.000			    161.565051177077
0.367	9.05538513813741	202.094037517191	96.3401917459099	95.9644871012531
0.377	15.2970585407783	271.33005731028		78.6900675259797	71.9657144328701
0.283	15.2970585407783	271.33005731028		78.6900675259797	71.9657144328701
0.201	5.09901951359278	89.2860571421988	101.30993247402		105.592810939266
0.226	27.8926513619627	253.779431790679	104.53445508054		96.7889745744387
0.359	10.1980390271855	143.178210632763	78.6900675259797	77.9052429229879
0.271	10.1980390271855	143.178210632763	78.6900675259797	77.9052429229879
0.363	4.47213595499958	64.5135644651572	153.434948822922	18.9966541554885
0.273	4.47213595499958	64.5135644651572	153.434948822922	18.9966541554885
0.362	1.41421356237309	33.9411254969542	135.000	            135.000
0.232	3.16227766016837	36.4965751817893	161.565051177077	170.537677791974
0.201	10.1980390271855	134.134261096857	78.6900675259797	87.4362297885349
0.21	13.3416640641263	145.134420452213	77.0053832080835	78.0706778227616
0.218	20.8806130178211	154.635054240621	163.300755766006	174.805571092265
0.206	5.09901951359278	63.3876959669619	78.6900675259797	6.34019174590989
0.207	25.4558441227157	252.49158401816		135.000		    	147.946509515636
0.202	12.000			    100.000		     	90.000		    	90.000
0.289	29.0172362570938	377.330094214601	1.97493401088197	15.8411081028897
0.294	4.47213595499958	117.098249346435	26.5650511770779	7.85331330197821
0.293	8.24621125123532	90.000			    75.9637565320735	90.000
0.219	8.24621125123532	90.000			    75.9637565320735	90.000
0.292	34.2052627529741	465.329990436894	37.8749836510981	45.8706894984343
0.291	17.088007490635		217.517815362328	20.5560452195834	3.95424771552109
0.219	17.088007490635		217.517815362328	20.5560452195834	3.95424771552109
0.333	15.8113883008418	235.779558062186	145.304846468766	145.36632260345
0.223	15.8113883008418	235.779558062186	145.304846468766	145.36632260345
0.206	26.0768096208105	219.426525288079	147.528807709151	132.414205657575
0.215	25.8069758011278	377.838589876682	35.5376777919743	39.6308301851692
0.294	5.09901951359278	122.80879447336		78.6900675259797	80.1541776321474
0.212	41.5932686861708	574.807793962468	117.181111085477	119.151420126419
0.218	29.120439557122		403.910881259715	164.054604099077	156.354377364898
0.298	23.0217288664426	286.447202814061	2.48955292199914	3.20202058332213
0.223	26.6833281282526	359.026461420324	12.9946167919165	12.8750015596124
0.214	15.8113883008418	224.828823774888	108.434948822922	125.952428000099
0.221	15.0332963783729	188.605408193932	93.8140748342903	34.1956054024607
0.292	39.6232255123179	454.215807739008	169.824489156956	162.841626069957
0.322	28.6356421265527	378.652875335709	114.775140568831	111.211331590419
0.242	28.6356421265527	378.652875335709	114.775140568831	111.211331590419
0.319	17.7200451466693	229.264039919041	73.6104596659652	92.7500851749124
0.306	11.3137084989847	107.712580509427	135.000			    131.235965135094
0.328	22.8473193175917	228.547588042403	156.801409486351	152.65012421993
0.221	12.000			    60.0166643524946	90.000		     	79.4389893088036
0.203	9.48683298050513	119.549153071027	18.4349488229219	17.5255683737228
0.221	11.6619037896906	75.392307299883		30.9637565320735	158.198590513648
0.28	25.4950975679639	317.918228480217	11.3099324740202	21.3998101320822
0.282	15.8113883008418	231.261756457915	55.304846468766		64.6538240580533
0.28	4.47213595499958	73.824115301167		116.565051177077	118.300755766006
0.213	4.47213595499958	73.824115301167		116.565051177077	118.300755766006
0.286	6.000			    111.543713404207	90.000		    	84.3405181598375
0.214	6.000			    111.543713404207	90.000		    	84.3405181598375
0.285	20.3960780543711	222.894593922777	11.3099324740202	172.524262614451
0.282	13.0384048104052	121.457811605511	57.5288077091515	107.241459398939
0.206	13.0384048104052	121.457811605511	57.5288077091515	107.241459398939
0.205	24.7386337537059	252.642039257127	104.036243467926	94.0856167799748
0.238	24.6981780704569	269.317656309422	111.370622269343	115.042598177816
0.237	6.000			    88.0908621821809	0.000		     	177.3974377975
0.22	1.41421356237309	2.000			    45.000		    	90.000
0.226	11.3137084989847	104.995237987253	45.000		    	40.3645365730973
0.227	8.000			    176.323566207129	0.000		    	14.1150546692713
0.284	31.0161248385416	461.001084597422	91.8476102659946	90.1242856608383
0.344	31.0161248385416	461.001084597422	91.8476102659946	90.1242856608383
0.21	81.4002456998748	1401.94721726604	52.9893267663969	54.4053115009569
0.22	12.000			    84.1546195998769	90.000		    	69.8423891054551
0.275	1.41421356237309	41.0365690573663	45.000		    	43.025065989118
0.33	1.41421356237309	41.0365690573663	45.000		    	43.025065989118
0.204	4.24264068711928	76.4852927038917	135.000			    115.559965171823
0.237	9.05538513813741	132.943597062814	6.34019174590991	134.390493423324
0.339	11.3137084989847	107.480230740355	135.000			    135.000
0.346	10.295630140987		119.883276565165	150.945395900922	152.152421740211
0.342	17.2046505340852	215.601484224946	54.4623222080256	37.0824969651716
0.36	24.0831891575845	310.551123005536	94.7636416907261	95.7289512847448
0.278	24.0831891575845	310.551123005536	94.7636416907261	95.7289512847448
0.349	38.4707681233426	471.872864233577	171.027373385103	174.893515427671
0.207	4.47213595499958	67.0820393249936	63.434948822922		63.434948822922
0.214	8.24621125123532	108.683025353548	165.963756532073	167.242467839123
0.276	8.24621125123532	108.683025353548	165.963756532073	167.242467839123
0.235	1.41421356237309	34.6698716467194	135.000			    123.231711067979
0.258	46.1735855224607	623.082659042923	4.96974072811031	9.7949061109094
0.313	46.1735855224607	623.082659042923	4.96974072811031	9.7949061109094
0.222	4.47213595499958	76.157731058639		116.565051177077	113.198590513648
0.253	4.47213595499958	76.157731058639		116.565051177077	113.198590513648
0.21	21.2602916254693	211.683726346641	41.1859251657096	32.2635997952021
0.214	18.4390889145857	259.788375413527	12.5288077091515	165.054376082874
0.218	11.4017542509913	173.92527130926		15.2551187030577	18.4349488229219
0.309	20.591260281974		281.261444211608	29.0546040990771	23.4660758696737
0.272	11.0453610171872	165.583815634258	95.1944289077348	124.169920456593
0.29	5.8309518948453		143.220110319745	59.0362434679264	35.9097230791776
0.215	5.8309518948453		143.220110319745	59.0362434679264	35.9097230791776
0.204	12.6491106406735	92.9623579735368	108.434948822922	101.79342968491
0.235	7.07106781186547	104.709120901667	45.000		    	61.4768813936879
0.209	19.6468827043885	246.33716731342		104.74356283647		101.948553250418
0.252	19.6468827043885	246.33716731342		104.74356283647		101.948553250418
0.201	13.4164078649987	106.301458127346	153.434948822922	138.81407483429
0.243	13.4164078649987	106.301458127346	153.434948822922	138.81407483429
0.25	12.000			    96.1873172512883	90.000			    93.5763343749973
0.261	12.1655250605964	281.62386262531		9.46232220802562	11.4695303328668
0.203	43.9317652729775	577.885801867462	101.821488340607	111.948699083526
0.322	5.8309518948453		106.216759506209	120.963756532073	131.947117485207
0.21	10.295630140987		238.537208837531	60.9453959009228	56.9761324442033
0.329	34.0587727318528	569.434807506531	139.763641690726	148.207928462779
0.237	11.3137084989847	121.827747249959	135.000			    131.672595758273
0.202	10.1980390271855	169.705627484771	11.3099324740202	45.000
0.301	37.3363094051889	645.595848809454	172.303948277983	170.639809198086
0.225	25.0199920063936	364.584695235551	87.7093899573614	98.0412028451806
0.251	25.0199920063936	364.584695235551	87.7093899573614	98.0412028451806
0.353	17.7200451466693	208.331466658303	16.3895403340347	55.1656948795426
0.206	22.000			    264.578910724192	90.000			    119.180806052499
0.242	22.8035085019827	288.624323299336	15.2551187030577	43.3153156821037
0.311	53.8144961882948	856.767179576809	138.012787504183	139.449480181125
0.269	17.2046505340852	260.771931004853	125.537677791974	117.645975363738
0.482	1.41421356237309	42.4499705535822	45.000			    46.9091524329963
0.224	7.07106781186547	137.557260804364	135.000			    149.893472958841
0.303	53.1413210223456	825.978207944979	70.201123645475		58.4652080948117
0.302	17.0293863659264	228.21481108815		139.763641690726	142.47733030666
0.471	23.0217288664426	464.096972625334	145.619655276155	145.179917193839
0.206	4.47213595499958	84.0951841665145	153.434948822922	154.653824058053
0.34	127.663620503258	1856.56995559014	174.155434122613	168.000081986871
0.205	1.41421356237309	33.9411254969542	135.000		    	135.000
0.207	36.2491379207837	444.875263416612	155.556045219583	159.609766886487
